interval

  1.0e+005 *

    3.3792    2.0853    1.7197    1.9843    2.3089    4.0764
    1.0501    0.7429    1.0988    2.6535    2.8078    2.0639


 1.0e+005 *

    3.1224    2.6678    3.2246    3.7539    4.4537    3.5339
    1.4227    0.9468    1.3021    2.4022    3.3779    2.0626
         0         0         0         0         0         0

 1.0e+005 *

    3.4738    2.2525    2.0734    2.1982    2.7371    4.1339
    1.0501    0.7429    1.0988    2.6535    2.8078    2.0639

 Columns 1 through 6

    1.4227    1.0501    0.9468    0.7429    1.3021    1.0988
    3.1224    3.4738    2.6678    2.2525    3.2246    2.0734

  Columns 7 through 12

    2.4022    2.6535    3.3779    2.8078    2.0626    2.0639
    3.7539    2.1982    4.4537    2.7371    3.5339    4.1339

K>> 