cue:
L:
 108.1932   91.8758   85.7930   94.0530  113.9599  151.4733
   49.7736   14.1681   25.8418   53.0121   68.3181   85.3240
  127.1734   84.7485   45.4125   74.7761   83.8197  124.6359

  1.0e+005 *

    1.2262    1.1506    1.0193    1.0974    1.2413    1.7592
    0.2647   -0.0251    0.1427    0.8839    0.4077    0.7507
    1.4507    0.7722    0.4123    0.8600    0.6722    0.9259

R:
102.5486  110.7568   95.3996   91.9131  113.4890  144.7351
   52.6874   22.2191   21.6370   44.8466   54.8824   77.4775
  139.8291   88.1235   66.7252   72.2676   88.2626  121.0561

 1.0e+005 *

    1.1729    1.4404    1.3132    1.2638    1.7050    1.7537
    0.3049    0.0627    0.1111    0.5405    0.3058    0.7068
    1.6727    0.7198    0.7464    0.4389    0.9189    0.7261


interval:
  1.0e+005 *

    1.0761    1.2907    0.9836    1.2204    0.8980    1.4298
    0.7478    0.1699    0.3764    0.4785    0.5614    0.8178
    1.2633    1.0454    0.5503    0.6981    0.6854    0.9631

  1.0e+005 *

    2.3991    2.5910    2.3325    2.3612    2.9463    3.5129
    0.5695    0.0377    0.2538    1.4243    0.7135    1.4575
    3.1234    1.4920    1.1587    1.2989    1.5911    1.6521

A:
hi =

     1


pi =

    0.0066


hc =

     1


pc =

    0.0026


hicing =

     1


picing =

  2.8083e-004


hiced =

     0


piced =

    0.3092









W:

hi =

     0


pi =

    0.1937


hc =

     1


pc =

  6.7088e-004


hicing =

     1


picing =

  6.0426e-005


hiced =

     1


piced =

    0.0129