[1:16], [17:dateN] [1:dateN]
1.0e+005 *
1.0753    1.1581    0.7567         0         0         0
1.0132    0.3557    0.6497         0         0         0

  1.0e+005 *

    1.0688    1.2180    0.8061         0         0         0
    0.8853    0.4683    0.7939  

interval
  1.0e+005 *

    1.3231    1.8016    1.2353
    2.1758    1.6585    1.7642
pick one cluster
    0.6000    0.9892    0.8703
    0.7974    0.8446    1.2932



[1:5 7:16], [17:dateN] [1:dateN]
 1.0e+005 *

    1.4088    1.1978    0.9248         0         0         0
    1.0132    0.3557    0.6497         0         0         0


	[1:5 7:15], [16:dateN] [1:dateN]
  1.0e+005 *

    0.6343    0.9746    0.6071         0         0         0
    2.2923    0.5103    0.8308         0         0         0
         0         0         0         0         0         0

 [1:5 7:14 16], [17:dateN] [1:dateN]
1.0e+005 *

    1.3768    1.1960    0.8479         0         0         0
    1.0132    0.3557    0.6497         0         0         0




*****[1:5 7:9 11:14 16], [17:dateN] [1:dateN]
corrMagN =

  1.0e+005 *

    1.5517    1.4026    0.7822         0         0         0
    1.0132    0.3557    0.6497         0         0         0
interval
  1.0e+005 *

    1.3355    1.9869    1.1876
    2.1758    1.6585    1.7642
2000
 1.2154    1.9558    1.1303
    2.4815    1.7051    1.7333




[1:15], [17:dateN] [1:dateN]
  1.0e+005 *

    0.3800    0.9210    0.5394         0         0         0
    1.0132    0.3557    0.6497         0         0         0

         0         0         0         0         0         0
[1:9], [10:15 17:dateN] [1:dateN]
  1.0e+005 *

    0.0311    1.2102    0.5851         0         0         0
    0.9356    0.6929    1.0705         0         0         0


[1:10], [11:15 17:dateN] [1:dateN]
  1.0e+005 *

    0.0093    0.9202    0.6396         0         0         0
    1.0592    0.8339    0.9826         0         0         0



[1:5 7:9 11 16], [17:dateN]
 1.0e+005 *

    1.8379    1.5294    0.9394         0         0         0
    1.0973    0.6541    1.0591  

interval
corrMagN =

  1.0e+005 *

    1.3650    1.9982    1.2138
    2.1758    1.6585    1.7642




[3 14 19 21 23 24]
    0.0411    0.0350   -0.1241    0.0916    0.2277    0.0273   -0.0138    0.0268

  Columns 9 through 16

   -0.0212    0.1626   -0.0860    0.0185   -0.0225   -0.1060    0.0939    0.0904

  Columns 17 through 24

   -0.0532    0.0020   -0.1139   -0.0563   -0.1308    0.2329   -0.2520   -0.1322